-2.364040496177817019e+01,2.931906464473833296e+00
-2.579932989932515142e+01,-8.254779589553803421e-01
-2.779517084558866813e+01,1.553212009695446483e+00
-2.939523116806869041e+01,-5.185823546407540618e+00
-2.813189063443523708e+01,-3.866250063060387987e+00
-2.948735008642414712e+01,1.680589213005086791e+00
-2.836145592242736768e+01,-4.067348003483456154e+00
-2.831187237347368324e+01,-1.858640395073617002e+00
-3.143694588029312342e+01,-6.462322337518466853e+00
-2.780898009070086019e+01,-4.122011208123773862e+00
-2.984974134426868630e+01,-3.196141904647475496e+00
-2.659269403554409195e+01,-3.833834152615843038e+00
-2.785778798348930607e+01,-3.846285478175759831e+00
-2.796431364624536542e+01,-3.926830433271848442e+00
-2.985583749709199708e+01,-5.296208676606283028e+00
-3.480494379107327063e+01,-1.047862200402587263e+00
-3.070896666134678910e+01,4.595811016445240149e+00
-3.016134928831456463e+01,-2.943728774462723852e+00
-2.412830152016443108e+01,1.627127353654229003e+00
-2.830336317603793717e+01,1.907000076821125711e+00
-2.809899716279798909e+01,-4.692930476113060578e+00
-2.684006246621709835e+01,-3.723172555126886607e+00
-2.934298517351065172e+01,-4.133854440212108017e+00
-2.625379049070419768e+01,-1.379345650897549902e-01
-2.519027190279785700e+01,-1.147334981172841495e+00
-2.672759188252742391e+01,2.485900602125660885e+00
-2.745607273777770274e+01,3.692100281215639601e+00
-2.551077256023241802e+01,-2.939606995366883080e+00
-2.870997676482291538e+01,-2.073360744854312987e+00
-2.946086160033558699e+01,1.155716289014231402e+00
-2.631597498313494299e+01,-2.544287207780531634e+00
-3.141666427315117716e+01,-3.927719836318077196e+00
-2.982222240699247706e+01,-5.064844379383408146e+00
-2.714676784343588878e+01,-4.202251959842518758e+00
-2.831847725319783748e+01,-3.074663759301722241e-03
-2.615044119610915274e+01,3.085651116140659123e-01
-3.018208826089172447e+01,-5.068939070539061120e+00
-2.984379465267214471e+01,-6.344968065959492032e-01
-2.696511325256666680e+01,-1.953790642826313650e+00
-2.847854234599243739e+01,2.626695127036764443e+00
-2.776188445833347984e+01,1.178228319528891532e+01
-2.745558347471530780e+01,4.741247109052063813e+00
-3.084664951148736023e+01,-5.482052803180185840e+00
-2.359667090646364329e+01,-2.681552219587709729e+00
-2.773908759907989463e+01,1.005666783622002214e+01
-2.596316257864945953e+01,4.669576842500000602e-01
-2.939657211297555151e+01,1.717268869946286358e+00
-3.398499905851509340e+01,-5.085032045832099890e+00
-2.800012098412743100e+01,-4.376074024737045681e-02
-2.817378081456584837e+01,-2.249694539330827858e+00
-2.959094375877692684e+01,-4.173942896496888544e+00
-3.130730414642728476e+01,-5.875345814385008580e+00
-2.522097522527513647e+01,2.101837690863714414e+00
-2.800507332328109200e+01,-3.703491559607091865e+00
-2.825125550253447670e+01,-3.678685108406102522e+00
-2.803434239282922391e+01,-2.107098853195132904e+00
-3.017697685024652543e+01,-5.642959896881805548e+00
-3.231802244295064241e+01,1.323949881926600680e+00
-2.871148741930571546e+01,-4.935881213302629966e+00
-3.250872673439567251e+01,-4.097235069530633211e+00
-3.351331566194799905e+01,-5.951736943111313849e+00
-2.899775233058241852e+01,-2.648369760851345678e+00
-2.717657824468357575e+01,-3.795576485946795309e+00
-3.000601099333717059e+01,-4.023396733036971540e+00
-2.812629423997307043e+01,-3.652999114755179466e+00
-3.288525883437966968e+01,-3.945467401512567918e+00
-2.730789608789663703e+01,-2.954443136822169524e+00
-2.494006864135370449e+01,-2.223348696954974724e+00
-2.529876062934320302e+01,-2.941785411663787819e+00
-3.174099174310614302e+01,-5.446264651412834057e-02
-2.751821729122363536e+01,-1.782892732541733638e+00
-2.432271145923269628e+01,-2.801849402843737291e+00
-2.705116602150098259e+01,-1.342373804960387496e+00
-2.945617791799286422e+01,-4.338774765875224482e+00
-2.750307085542395313e+01,9.684319363028481842e-01
-2.641129704868359340e+01,-2.986471960548235050e+00
-2.590483483652496943e+01,-3.597868207657534789e+00
-2.914340975231126762e+01,-3.282983081455188135e+00
-2.447226827500245250e+01,-1.911530286056593919e+00
-2.832350494881873715e+01,9.549928318923766923e+00
-2.579350084106785346e+01,-3.386345099948551596e+00
-2.415122088337272288e+01,-3.847386624732433424e-01
-2.710110769314413659e+01,2.469095911953912703e-01
-2.852102083624164308e+01,-2.210115615162889124e+00
-2.745887281602126251e+01,-2.058842692071505276e+00
-2.814744429385523716e+01,3.360951424633989437e-01
-2.757825071068566558e+01,2.081919718841044098e+00
-3.145809387947201685e+01,-1.936306864171969400e+00
-2.696699252205657160e+01,2.272647453536174478e+00
-2.583689456844287591e+01,3.922193654203522506e+00
-2.608452073825186091e+01,-7.287062180795261801e-01
-2.991512056842083211e+01,1.096668536855636589e+00
-2.769630907180846791e+01,-3.748849962306878503e+00
-3.001603601755776296e+01,-2.978734046833487081e+00
-2.704479977259698842e+01,-1.881308232098158673e+00
-2.764625489021337401e+01,-1.108012275582471506e+00
-2.636556062774988618e+01,2.719020206583647958e+00
-2.804010298728670136e+01,-3.776527207606865666e+00
-2.913298185998982959e+01,-3.731807267245236259e-01
-2.890016306231993681e+01,-2.270548606625097943e+00
-2.651820407682660630e+01,1.022655459070706563e+01
-3.324607025473591904e+01,-6.104044000131776393e+00
-2.808075551150465543e+01,-2.221377983799724731e+00
-2.699915230171520619e+01,1.172928688906665684e+01
-3.213042866482155091e+01,-6.257159612145450467e+00
-2.582422842757209835e+01,6.287796429679567645e+00
-2.462295112856257973e+01,7.350136437713586934e-01
-3.061390446477989968e+01,-1.093378649204383768e+00
-2.730588293600744620e+01,4.638903196815713947e+00
-3.183330550341869625e+01,-3.366660361093147369e+00
-3.033368315596373321e+01,-1.157791924503822178e+00
-2.645842748412169954e+01,2.610782297071012059e-01
-2.516608735347147885e+01,8.676313075605024849e+00
-3.530943318858717817e+01,1.837985274487428322e+00
-2.469009892264728734e+01,1.131095174165785533e+00
-3.275971333842082345e+01,4.328474308145003890e-01
-3.243147863721581103e+01,-2.477930898374473223e+00
-3.161675685232505018e+01,3.658406032797657526e-01
-2.958939741629470532e+01,1.003258313131156498e+01
-2.953685596745782860e+01,-2.904715559677087278e+00
-2.863454883976586274e+01,-5.070934525259281678e+00
-3.030585297507813891e+01,1.027114442533856087e+00
-2.908810609658071300e+01,-2.390532282227613603e+00
-2.949645487404034228e+01,-5.399671547036177799e-02
-2.704916024981341494e+01,-3.202141267019194881e+00
-2.458389461019724465e+01,1.797907522893160692e-01
-2.507018172993824479e+01,-3.260123239393287520e+00
-2.618948259594434447e+01,-1.953328459232112291e+00
-3.279326599436333112e+01,2.951487658063435493e+00
-2.852178889790284799e+01,-3.751246822754840671e-01
-2.622031064964534153e+01,-3.189397636693194205e+00
-2.700944891755769461e+01,8.045567105863012713e+00
-2.717995736197332945e+01,4.662211821365114695e+00
-2.747231780201605389e+01,1.760001083001480060e+00
-2.899603239393064769e+01,-1.574595956160142363e+00
-3.157123789506391986e+01,6.210272794478023606e+00
-2.411236685140319480e+01,1.133487497300174729e+00
-2.877124964503618543e+01,7.547940880638236649e+00
-2.687857900716953807e+01,-1.580370033828476073e+00
-3.032230330861726486e+01,-1.457432311349525555e+00
-2.648390129356274869e+01,2.873241190958327196e-01
-2.863962857653576677e+01,-4.557442169927446329e+00
-2.881094337756150026e+01,-3.552695661303572061e-01
-2.970686593289575939e+01,6.547620727956544151e+00
-2.720027149980175807e+01,4.056355682219976444e+00
-2.473117058308760718e+01,1.528254918662147244e+00
-2.534184709938200797e+01,-2.107455046102677976e+00
-3.030556365691053244e+01,5.748747560471668683e-01
-2.294905131340281557e+01,7.708196041988778224e-02
-2.553351724669650835e+01,2.354676609928441078e+00
-2.536918053044060883e+01,2.006236056217000296e+01
-3.053301822268652543e+01,-4.449654870533890971e+00
-2.699490035130607879e+01,4.810943723205736156e-01
-2.885543672758419476e+01,-2.756111024431820766e+00
-2.580132281109033343e+01,1.116583020000407656e+00
-2.557575786843526089e+01,1.962657070160219064e+01
-2.694244616318097130e+01,-3.768598563649058431e+00
-2.459897863163357812e+01,-2.853061880847809650e+00
-2.554153646165095992e+01,-1.586892725703636708e+00
-2.816760536285609717e+01,1.135196029399421214e+00
-2.596537370925523192e+01,2.528781092379482232e+00
-2.581669788071483396e+01,1.298208388557030446e+01
-2.714388311829108602e+01,-2.613300053213563068e+00
-2.201605651302860878e+01,6.885354708620032849e-01
-2.593310363163681131e+01,3.936759152465567624e+00
-2.872780410751743929e+01,-2.531921134401982076e+00
-2.813009288403991803e+01,3.399093227551020391e+00
-2.930844250022773068e+01,-4.274740123388179214e+00
-2.119961141822929918e+01,-1.360921968126977744e+00
-2.598490301213501041e+01,1.143516494265167438e+01
-2.804999056088208320e+01,3.566631959652734718e+00
-2.625199036717642898e+01,5.913746915646508340e-01
-2.242343893147582179e+01,1.782202131362392861e-01
-2.460351654910501651e+01,-1.011864584627456987e+00
-2.423553566010670934e+01,6.156675482331140259e+00
-2.278811375857972621e+01,3.506358071068143900e+00
-2.396834526817982791e+01,2.856905849168821510e-01
-2.302642650371230104e+01,5.835934184697160187e-01
-2.390074954985095346e+01,-4.957917374207077565e-01
-2.387489803596487192e+01,8.220804151935688253e+00
-2.547052950112183467e+01,-2.019851832245070256e+00
-3.404455350000613834e+01,-7.001135684494530054e+00
-2.796092804313684965e+01,-3.887852292120062891e+00
-3.303680733342101661e+01,-6.378085192893222732e+00
-2.521174549826137223e+01,2.080861071378818927e+00
-3.340881938791533656e+01,-6.764392234930403092e+00
-2.666280058747137005e+01,-2.016512364021509018e+00
-2.909778839254199312e+01,-4.424962545546723192e+00
-3.102848043284827995e+01,-4.977086921775735640e+00
-2.759589288788012240e+01,-2.035429595222533194e+00
-2.937369601364791194e+01,-3.903349041440869804e+00
-2.662771275516094605e+01,1.611169855836993126e+00
-2.676757246895486020e+01,5.309219752369622292e+00
-2.817596777696903487e+01,1.894577366938577645e-01
-2.682745346438228040e+01,9.931613428266987675e-01
-2.761649563317975620e+01,-3.646738184979927411e+00
-3.559332427860956471e+01,-6.446949539196276113e+00
-3.458777746799136565e+01,2.481188405051820212e+01
-3.155458149043182203e+01,1.696613345087972791e+00
-3.044405260871140939e+01,1.850159027911509879e+00
-2.488097371708391847e+01,-2.386114024839707692e+00
-3.045270453350709516e+01,-4.977718135521311815e+00
-3.068018742004643329e+01,5.126655932945984873e+00
-2.512981641953944489e+01,3.831579118040937093e+00
-2.854893236833365222e+01,1.470780687785103069e+00
-2.732858920261783808e+01,-3.394053258169894338e+00
-2.982422710917903430e+01,1.246432828106013346e+01
-2.621264797165979132e+01,-2.166365204729306271e+00
-2.787581312710550918e+01,-3.923587139690308589e+00
-3.310463780201435924e+01,1.897821871907269031e+00
-3.100074220271542913e+01,-5.373036295586645084e-01
-2.907296573818923946e+01,1.213524585014118173e+01
-3.627721810025761329e+01,2.230153507920975997e+01
-2.660957940031371649e+01,-2.818933664110213400e+00
-3.125900764418144107e+01,-2.805912818416559151e+00
-2.802221507192065886e+01,3.457598396581287314e-01
-3.117629008714786565e+01,-4.922500224754437603e+00
-3.202143510932661741e+01,1.505391957163872974e+01
-3.032084078828363616e+01,1.251454597940715896e+00
-2.627943707403233375e+01,1.201135835294975429e+01
-2.678333834848107387e+01,-1.331581183663143264e+00
-3.084839332534026823e+01,-1.846133236042700076e+00
-2.849314697666044083e+01,-2.001595149624804559e+00
-2.820329387205142879e+01,-3.407731706467866495e+00
-3.015496209703481867e+01,5.119792168478993766e-01
-3.172500877823411258e+01,1.073857696554482466e+01
-2.870214646160532723e+01,-4.287538764664988733e+00
-2.991520301706169960e+01,6.695816593890487667e+00
-2.810753061544513898e+01,2.294055270433771554e+00
-3.233118879668116108e+01,-3.299087615636479676e+00
-2.814549085133133488e+01,1.268719844295776511e+01
-2.782445444581238547e+01,7.347580239360124388e+00
-2.928976511160508167e+01,-4.454952746934830177e-02
-2.818736582813893321e+01,-3.806332623825880557e+00
-2.670121720284249633e+01,-2.514826104234160198e+00
-2.963845219604542081e+01,7.423999986347071811e+00
-2.881266219643600834e+01,-4.688180403559323750e+00
-2.758216093011789383e+01,7.166106331476330027e+00
-3.331917109684951583e+01,-2.319036774106974619e+00
-2.429702110849980201e+01,2.612806792176838311e+00
-3.533080018260571364e+01,-4.651098740065503279e+00
-2.685888423568169969e+01,-2.585290457071805381e+00
-2.676442470259851802e+01,3.010319161622300177e-01
-3.195685791490515726e+01,-5.459739748380627589e+00
-2.886139102814129842e+01,-3.896934763239142896e+00
-2.858506307172720895e+01,-4.049779767909504891e+00
-3.045150539821688440e+01,-3.789681475590616078e+00
-2.951756089309922615e+01,-4.188723417997366028e+00
-2.380512857060275422e+01,-1.045183608577089918e-01
-2.771404605562952028e+01,-3.564776640171857913e+00
-3.380216510386117079e+01,-5.116812449386260120e+00
-2.509296827349927028e+01,1.341907707102542702e+00
-2.956872374011350502e+01,-4.340850515760027228e+00
-2.852585794063607949e+01,1.422665501602332405e+01
-2.685351840342589469e+01,1.291859589611012460e+01
-2.404146874029073544e+01,1.200922163236193363e+01
-2.622676175926490316e+01,2.311576222194700492e+01
-2.547915780947309372e+01,3.764288288344388000e+00
-3.146926753052695958e+01,-1.403070213934696886e+00
-2.683959216412099735e+01,6.620398998542949442e+00
-2.747339201781906226e+01,6.473842802246742023e-01
-2.854791191949986029e+01,-2.537891873706681789e+00
-2.633998335734675678e+01,1.147665514763109762e+01
-2.616701932396393460e+01,1.445991125486379580e+01
-2.554162803225519696e+01,4.773640671069335539e+00
-3.198034998315162625e+01,-1.254017214393191804e+00
-3.158152054729330871e+01,-1.358890479445283406e+00
-3.364905478699719055e+01,2.471392489195527453e+00
-2.861233314429574648e+01,-3.248776821172945084e+00
-3.190049895575730332e+01,1.394360828440791789e+00
-3.198769922692067169e+01,-1.525641008774785812e+00
-2.831854076981083423e+01,-1.101080020076641297e+00
-3.030200490376131839e+01,-3.045738684762780313e+00
-2.860327452746027177e+01,6.381768174889508316e+00
-2.585336921315617431e+01,6.868254265107038847e+00
-2.873967608593797607e+01,6.409933730237654004e+00
-3.285264242258669043e+01,5.222966625218568026e-01
-2.704577152113940386e+01,1.084642208545209208e+00
-2.712769042811107667e+01,-1.497338239829647089e+00
-2.676308289734433288e+01,1.246209200929209260e+01
-2.727440754254696387e+01,5.559655699752974023e+00
-2.677620377211004765e+01,-2.885650482580241150e+00
-2.471717622755027577e+01,7.331721791881092187e+00
-2.579928585706732136e+01,1.346817990021891953e+00
-2.347385753961798116e+01,4.028212627586067462e+00
-2.856268479961571671e+01,-2.314914087397964337e+00
-2.873463006705513223e+01,-3.300309112613975859e+00
-2.533316627713174185e+01,-1.834085942308457229e+00
-2.958590734163516345e+01,-1.445482822071662898e+00
-3.301131672435828079e+01,-3.830625771356949372e+00
-2.736782113907666769e+01,-2.206281914830093172e+00
-2.851778622510256511e+01,1.943820489482174896e+00
-2.937741283705965145e+01,-1.690851894501830710e+00
-2.952310011606978080e+01,2.926759908894221995e-01
-2.851952167001063287e+01,4.032676424574543894e-01
-3.021763876910531721e+01,-2.072976847039846027e-01
-3.408823054263390873e+01,-3.757461678139200956e+00
-2.498596532477499466e+01,-2.228400792261667096e+00
-2.676773607668593513e+01,-1.366676669967348934e+00
-2.929602286524220034e+01,4.717331640637757673e+00
-3.244128311206576853e+01,-3.319578184673447119e+00
-2.688055598192411111e+01,-6.691566465058038649e-01
-2.756722142882158977e+01,-1.111013807567210021e+00
-2.985485688643632685e+01,-2.592257153945398240e+00
-2.852780282061510064e+01,-3.457135722785325882e+00
-2.486984427640477335e+01,6.298486522912533303e+00
-3.464523290484386564e+01,4.773632670543617174e-01
-2.920840871432234920e+01,-2.882582410274996843e+00
-2.929126007465789883e+01,4.737543954433447446e+00
-3.017848972205926472e+01,5.971361548033767841e-01
-2.665668708708517443e+01,9.559030429585675392e+00
-3.188484356748798731e+01,1.212872848231277167e+01
-3.571425973127190900e+01,3.634724209135984818e+00
-2.993314485303757877e+01,-2.144813176320756742e+00
-3.394598111290583375e+01,-4.595901960524002128e+00
-3.239049206787063895e+01,2.657410676256238169e+00
-3.312171390271278426e+01,-3.503155438614833916e-01
-2.951963677064627234e+01,2.349513292356267602e+00
-2.820469939551035310e+01,1.115910430854318314e+01
-2.956147280311415670e+01,2.611131999593428787e+00
-3.033368053045735380e+01,-2.083064144878358004e+00
-3.182950874211316972e+01,2.201630295837537776e+00
-2.592324228711208889e+01,-9.242795787463926604e-01
-2.619063985631614955e+01,-2.126139555866965569e+00
-2.803794426739001366e+01,7.298896086348168666e+00
-3.021080992210538696e+01,1.791264509950670458e+01
-3.245071141991983410e+01,1.290564123585246570e+01
-3.528885031267600425e+01,-4.897001079474357255e+00
-2.968141352645696074e+01,-3.688537058201997620e+00
-3.109634177924576548e+01,7.283938691511127494e+00
-3.112600518623319346e+01,5.039199436068656723e+00
-2.799738428278583413e+01,-3.436577872004842327e+00
-3.584068287080087600e+01,-6.896632601484603775e+00
-2.977041445522266017e+01,-4.406839973297991264e+00
-3.215365911048950665e+01,-4.803168980147975553e+00
-3.560129241223142316e+01,-6.366504545384650271e+00
-3.414474229212862610e+01,-3.449390065432039965e+00
-3.535064153647748952e+01,-6.941446744572193239e+00
-3.609816549724959600e+01,-7.726949462025992865e+00
-3.246573656752257619e+01,-5.008134557985969515e+00
-3.187348949443484969e+01,-4.839129602013616527e+00
-3.142446713923072821e+01,-1.878901789715828441e+00
-3.129629381313328906e+01,-4.109232747372436378e+00
-3.478681053770225162e+01,-6.286950820365723835e+00
-3.571839024635523430e+01,-6.610302383261111636e+00
-3.221943925248701390e+01,-4.957627165212686648e+00
-2.919020989777871833e+01,-3.883976832766167231e+00
-2.321551937636312957e+01,-7.347986467951782563e-01
-3.328717295144833344e+01,-5.990094327625326898e+00
-3.584559451602682145e+01,-7.114114369750020650e+00
-2.654429989492329156e+01,-2.098249939225790062e+00
-3.365101247608466650e+01,-4.425505596584432766e+00
-2.786054934993044796e+01,-2.027251920297738152e+00
-2.731728747905109955e+01,-3.096985715387826077e-01
-3.007431474485229828e+01,-2.096508079178052597e+00
-2.833434097690216902e+01,-2.133011327006609559e+00
-3.415519921502914968e+01,-3.997240376557697150e+00
-3.362359421839218498e+01,-3.508230309261500146e+00
-3.094368528130572571e+01,3.551143641036611953e+00
-3.385789505085294593e+01,-3.312599783200966819e+00
-2.981052086100851639e+01,3.597407108260519681e+00
-2.840201564902335107e+01,6.004658436603878435e+00
-2.979161536355277562e+01,-2.857590660063372034e+00
-2.972627933328385197e+01,6.772046986125274115e-02
-3.308603969216544272e+01,-3.500928305547474917e+00
-3.456809118867007413e+01,7.306839383983333214e+00
-2.892143381886961251e+01,-3.736007362741548210e+00
-2.845232860880574322e+01,-1.877066537731869600e+00
-2.666597293788752410e+01,6.615362929564624350e-01
-2.927054167333507806e+01,9.487421665735270793e+00
-2.499891690620723494e+01,9.820766879808079386e-01
-2.703476163487303197e+01,2.383849411954562236e-01
-2.979001671744189395e+01,-8.082970682270228524e-01
-2.632639186403240572e+01,-2.662337152958694109e+00
-3.520356686590250916e+01,-6.428289162470800733e+00
-3.045070919619822902e+01,-4.759433599656280656e+00
-3.139613555272892143e+01,-4.316792503667920222e+00
-3.072224616582424872e+01,-4.026230082824794110e+00
-3.591608419952968489e+01,-5.909948923309435109e+00
-2.740854500695593643e+01,3.403135430536964878e-01
-3.003763962887854078e+01,-3.651683161131108246e+00
-3.272792419680791909e+01,-1.334101344470955963e+00
-2.817977270256395883e+01,-6.324289878330201509e-01
-2.890187514064533048e+01,-2.389688265152475122e+00
-2.758579349786723256e+01,-1.874856526564872672e+00
-2.575518383324978799e+01,-1.132780970510820912e-01
-3.202170889527966580e+01,-5.323447648412377831e+00
-3.310466380087889604e+01,6.744906144227347244e-01
-2.895827025636396357e+01,4.526449993583834264e+00
-2.629641372172981306e+01,-2.447762912876095154e+00
-3.164467601719503875e+01,1.122147895739572965e+00
-3.092415495229531075e+01,3.680304530261174989e+00
-2.973468275040099229e+01,-4.196533718924268186e+00
-3.228578390183717772e+01,-1.264050991820555803e+00
-3.144310715690755842e+01,-4.938634539975083726e+00
-2.953640582007333037e+01,-3.458453823839784835e+00
-3.552875435216858335e+01,-2.214696552600909085e-01
-2.982573720170998399e+01,1.280057923264633324e+01
-2.903867187815201945e+01,-3.522244627112966153e+00
-3.416929397122251544e+01,-1.729023107216509869e+00
-3.398119309574848046e+01,-1.646780621663010535e+00
-3.201628485843613703e+01,-3.906241862582871427e+00
-2.873412971266919413e+01,-3.353165110554322315e+00
-3.181411949396499494e+01,4.547443281668521742e+00
-3.264337664110880866e+01,-9.876863776532895933e-01
-2.976288304698796594e+01,1.279566871802466288e+01
-2.815953432398632117e+01,1.778924736986537747e+00
-2.953876368015142617e+01,-2.296561322006034800e+00
-2.890851036759173454e+01,7.700176996353833125e+00
-3.293758054308110417e+01,4.005827148556238448e+00
-3.322980554327428138e+01,-5.487089130249873214e+00
-3.136725172157038344e+01,-2.862338562606014936e+00
-3.360214174339122906e+01,-5.911224762788379827e+00
-3.052800308829895215e+01,1.830898096395030805e+01
-3.270083303707641420e+01,3.344699167152821673e+00
-2.849290336553608682e+01,3.336554051178603597e+00
-3.667478292756098313e+01,2.629557644634673341e+00
-3.438623667002700302e+01,-1.147023662040287606e+00
-3.280820247755480779e+01,8.098725565554941497e+00
-2.805940692220110932e+01,7.627099367791751128e+00
-3.523869957786821061e+01,3.562587560716684809e+00
-2.693510066715687046e+01,3.068125002690554659e+00
-2.860459316817248165e+01,1.689610452407116770e-01
-2.737539549966016494e+01,7.361651906387350230e+00
-2.778489059583321819e+01,-3.605723771514341536e+00
-2.435096174234035260e+01,2.675297903019441481e+00
-2.599995375289379851e+01,1.154538643774309703e+00
-3.364524861197818950e+01,-6.325869956274190464e+00
-2.043220829237349179e+01,-1.397050427680932794e+00
-2.656777112422245324e+01,1.703754861992035075e+00
-2.598546694403576751e+01,-2.911303618959000250e+00
-2.593949312489045056e+01,-2.090931001351361562e+00
-2.129000784593915441e+01,1.565764454992026045e-01
-2.967559201407784286e+01,-4.243424517444763566e+00
-2.436755240159583380e+01,8.036047638319838704e-01
-2.458963496317765163e+01,-2.553868383292933864e+00
-2.097550925987091830e+01,2.898509165515737784e+00
-2.647846476153072004e+01,-3.441919811737483847e+00
-2.773128124474338918e+01,-7.441523753765465488e-01
-3.092050412716526253e+01,-5.961047756723216295e+00
-1.609446954769287075e+01,2.932402235834893123e+00
-2.481560933761751286e+01,2.557075685935186193e+00
-2.844510870234697819e+01,-4.410410013767854132e+00
-2.306116873039999149e+01,4.936030902956811239e+00
-2.616243046489737623e+01,1.411374296431531672e+00
-2.413896407264328303e+01,6.203029727728494258e+00
-2.582074416158065944e+01,-3.321229115041816282e+00
-2.648922383167435157e+01,6.562036480770093050e+00
-3.414403477516469820e+01,-9.300271421150788642e-01
-2.696704738929225087e+01,-1.554428273184127018e+00
-3.177283782668984458e+01,-3.471613515992864052e+00
-2.572720776451585323e+01,-2.929930420542836256e+00
-2.583758715733340594e+01,1.251018971029160376e+00
-2.284675365040077821e+01,-1.649186017569924223e+00
-2.282635765763887292e+01,1.271321272693197724e+00
-2.340160964662248944e+01,-2.003904588029921996e+00
-2.966446029282019481e+01,-4.851477842871885215e+00
-2.800698692575943838e+01,1.883997972399874987e+00
-2.700216126509311110e+01,-3.893071963519495693e+00
-2.488182313836950854e+01,-4.837181557604164350e-01
-2.476422561675381573e+01,-2.282296833275415437e+00
-2.844935270365879987e+01,-3.889964750152327344e+00
-2.803600376305286090e+01,-4.962257611027192539e+00
-2.798220565674473903e+01,-2.055519475609622670e+00
-2.735303711149371253e+01,3.008220834495672236e+00
-2.552311735555434780e+01,7.422681312239731710e+00
-2.438360195492193938e+01,-2.499010619420774404e+00
-2.976936654473416155e+01,-3.796659119855263942e+00
-2.797775462739842567e+01,-3.193257102837701034e+00
-2.837190871298860984e+01,-4.282885623023447330e+00
-2.804484470481850877e+01,-4.223357708962993118e-01
-2.771962794259506424e+01,-1.272939140739655084e+00
-3.069096180503525417e+01,-5.353007191222484806e+00
-2.456557871548681504e+01,1.846073204335958229e+00
-2.590464666794371951e+01,-6.166286570915626708e-01
-2.829928502065439488e+01,-4.574717025084656719e+00
-2.370751574201292300e+01,1.741164773993392201e-01
-2.755057306509777959e+01,7.159341579154036239e+00
-2.083381973454611824e+01,-9.606939055863634724e-01
-2.523826993065103252e+01,1.763270544929081085e+00
-2.573742832153519089e+01,-1.522847425779070951e+00
-2.574918851854724977e+01,-4.748011402213103693e-01
-2.310192740849203474e+01,-2.180367321230580302e+00
-2.502682912561077444e+01,-1.439614025366235728e+00
-2.210156084357177519e+01,4.631949428825610227e+00
-2.656744794791473296e+01,-2.504582251751220845e+00
-2.487335125425174454e+01,-1.102240127728768559e+00
-2.482543872859864464e+01,3.997038985523163834e+00
-2.492729554724632735e+01,4.286743943300741932e+00
-2.528887289620837819e+01,-9.361852451236010175e-01
-2.551652840346855911e+01,1.409344495318912927e+00
-2.496491393690237004e+01,1.030175172775671655e+01
-2.375973619456930663e+01,-4.523547837021184015e-01
-2.546447011743687483e+01,3.334097288335367004e+00
-2.337469828603384769e+01,-1.424391093980146961e+00
-2.958976518333003369e+01,-4.371946021006046124e+00
-3.054753539042875232e+01,-2.757842654738162924e+00
-2.731315962615854787e+01,-1.814707386288841429e+00
-2.926759544742154162e+01,-4.803236521296169848e+00
-3.321253173572574724e+01,-5.998223865495299734e+00
-2.346651133684278179e+01,1.147370859879354121e+01
-3.055035350266188132e+01,3.535599464872233089e+00
-2.522617006327531541e+01,7.975824694459923148e-01
-2.943217131552413690e+01,-5.064659799310320842e+00
-3.020811625189222482e+01,-3.578672821604239829e+00
-2.709989527081543770e+01,-2.612539907242058757e+00
-2.879183430253107545e+01,5.944001598786450735e+00
-2.611164920479916418e+01,-2.825276594020328158e+00
-2.523363813395472732e+01,-1.550709695290690471e+00
-3.307550636937437361e+01,-6.854380025406025645e+00
-3.323287013652048927e+01,-6.288767748101722788e+00
-2.576417386641753993e+01,-1.289606602690280157e+00
-2.322952072208856222e+01,7.775261005877720955e+00
-2.096678417824283969e+01,-8.849240838598229075e-01
-2.069104808997875367e+01,1.473200009662060772e+00
-2.578821565837475305e+01,6.046814215334201492e+00
-3.210422782243028905e+01,-5.535937113529928233e+00
-3.086125661990050162e+01,-4.690415563752101669e+00
-2.310628299902648664e+01,6.946743814218931057e+00
-1.822718020454391663e+01,2.975989274897081205e-01
-2.245610319500599772e+01,4.710957955508775719e+00
-2.382539413404371587e+01,-2.235534149166079843e+00
-2.323143789599967235e+01,2.452298842053498795e+00
-2.270977409005296366e+01,3.198926842916225866e+00
-2.228878357552827794e+01,2.542511053219690953e-01
-3.269389534808797038e+01,-5.158865919309016945e+00
-3.044426906214359718e+01,-3.499108380380747896e+00
-2.488998929894657408e+01,-2.186967231500286157e+00
-2.489625843921857395e+01,2.895834147911404255e+00
-2.696275733619216552e+01,-2.104082439346095068e+00
-2.573120891856290271e+01,6.526714576985192195e+00
-2.537315653589878650e+01,-2.046086723858095091e+00
-2.286657299649951369e+01,7.497430237968676359e-01
-3.077311753629724222e+01,-5.650613459958775842e+00
-2.775568281263126735e+01,-3.039651231698231815e+00
-2.673789169063779170e+01,7.776580968967488516e+00
-3.116826231899260691e+01,2.845682210001835077e+00
-2.890601572866559721e+01,6.127973189142498001e+00
-2.673010702194126509e+01,-1.099264041704302253e+00
-2.514296582073582087e+01,5.053749393312025440e+00
-2.632191615644327243e+01,2.108023211416831355e+00
-2.599457198848521955e+01,-2.605319867438792070e+00
-2.777169896313624164e+01,-1.776225868188403334e+00
-2.455673835082761869e+01,6.355104159508199180e-01
-2.807809719754467181e+01,-1.164373724669012455e+00
-2.586402571493856684e+01,6.647970847228268809e+00
-3.189652562365142074e+01,-5.097189486527928359e+00
-2.516761735037759351e+01,-3.030392896258201851e+00
-2.662497467251247585e+01,-6.620634971248580136e-01
-3.568940412459249956e+01,-6.612042223926212436e+00
-2.831013413725579042e+01,-3.994065377468916545e+00
-2.935675690670050386e+01,-4.356287009675369859e+00
-2.665069305781034359e+01,8.701265561813511518e-01
-2.713673561512570842e+01,4.145958793436734235e-01
-2.624343417286087643e+01,5.606667417155148936e-01
-2.965407307840497353e+01,1.714851928793133945e-02
-2.582832859215534071e+01,1.656867723077123822e+00
-2.462485777857468250e+01,4.482200516817620994e-01
-2.715474056493725996e+01,-1.671416268442881936e+00
-2.837626561347730458e+01,-3.547624724646420091e+00
-2.535859311027626717e+01,-1.764757591339539022e+00
-2.644655235923405101e+01,3.815489155254644160e+00
-2.729400339496915606e+01,-3.820676977075388336e+00
-1.536360225734006235e+01,2.462148678993091533e+00
-2.606341731384448224e+01,-2.071037132038510420e-01
-2.511721152950608982e+01,-1.657385031258984176e+00
-2.465323987921688698e+01,1.075720489152004022e+00
-1.499053771460182460e+01,3.148803901464316546e+00
-2.493059375436768121e+01,2.319736309418303222e+00
-2.339839246319284882e+01,8.344756542372842034e+00
-2.356523124519837253e+01,4.838701002101566395e+00
-2.573181167027243887e+01,2.868343639882224849e+00
-2.033971200964136727e+01,7.448394624959838950e+00
-2.474171899822361098e+01,6.721732795612016531e+00
-2.873677365128175154e+01,9.857183027107751627e+00
-2.845051457342625767e+01,5.506621657177201534e+00
-2.823722683390412769e+01,6.141252861531604879e+00
-2.826022459215302973e+01,5.808382686099816006e+00
-2.541651697227178985e+01,2.277274246958709281e+00
-2.521748986947186921e+01,-1.490710993611571888e+00
-2.660078168599507720e+01,2.853215177462600671e+00
-2.288822074396650663e+01,1.287381432756398825e+00
-2.235441548582157623e+01,-1.467473618332653940e-01
-1.973751288012813632e+01,1.259326150234391761e+00
-2.602772310282458434e+01,-2.685406301140845997e+00
-2.305279665993375815e+01,3.719310525385281618e+00
-2.090693726838682309e+01,8.889549064157463709e-01
-2.271615791082317415e+01,2.471988878902160458e+00
-2.377016423085624552e+01,-1.858886560617615702e+00
-2.391592371805254658e+01,-1.895605369146555086e+00
-2.343114190431118260e+01,2.541644561800683988e+00
-2.997720559588191236e+01,-2.179058594548911376e+00
-2.841420910281163259e+01,-3.506903972573601980e+00
-3.000276261648565423e+01,-3.815211657847501936e+00
-3.687706598313025808e+01,-6.764160981386217131e+00
-3.633204450005885633e+01,-3.423778521560840726e+00
-3.548363894152217313e+01,-6.776464640822800867e+00
-1.711390388338460866e+01,2.087802664653480189e+00
-2.809847999819239206e+01,5.477988135737009934e+00
-3.071153732715713147e+01,6.814193199916369625e-01
-3.008634225353883096e+01,5.518205075015429617e-02
-2.407470500508819455e+01,2.051096612492576465e+00
-2.948196213345666905e+01,-2.987273818361499966e+00
-1.598088599917072550e+01,2.692950672421408065e+00
-2.560623193328404312e+01,-5.935370283884467552e-02
-1.647500348547950111e+01,3.410135384227623412e+00
-3.616783789295373452e+01,-6.977327421092111237e+00
-2.796275376032404480e+01,1.493430954262262800e+00
-2.568610371259144998e+01,-1.147521060366993723e-01
-2.687585821188692137e+01,-3.187837242079785138e+00
-1.704144455826110161e+01,2.877595743792504823e+00
-3.201787610262243078e+01,-3.703194275344723341e-01
-2.768071482219405510e+01,1.268620363101525594e+00
-2.670130432076494031e+01,-2.130202480872506410e+00
-2.916705403865472235e+01,-1.577425093511727328e+00
-3.135077626473434620e+01,-5.002232828705744261e+00
-3.058393842468144541e+01,-2.457321116573421449e+00
-3.596902291179186761e+01,-7.020396088118183719e+00
-3.308205142398264798e+01,-4.922258708351047396e+00
-3.063834863740084202e+01,1.855795333947025449e+00
-3.140122004693217050e+01,-1.554536588057036983e+00
-2.880980266319180316e+01,-4.141147668742766186e+00
-2.495355947999978952e+01,-1.139123634989107847e+00
-3.405573784327864928e+01,-5.406728556702162791e+00
-2.302690203967434357e+01,-1.369109983967952360e+00
-2.621885488895719263e+01,-2.053625700456374492e+00
-1.919801365958341677e+01,1.761753652870734044e+00
-2.612749238490376769e+01,1.040057336899414375e+00
-2.756258320214476498e+01,4.263405455590410398e+00
-2.347043551176304987e+01,2.763834992636280852e+00
-3.456329922430339252e+01,-6.004537471095412471e+00
-2.793673850307301620e+01,9.474256890841755707e-01
-2.431158168559122146e+01,2.829990005599516412e+00
-3.188442937103301134e+01,-2.930096381233471270e+00
-3.347407262042977294e+01,-4.849296386537051973e+00
-2.529291833349619623e+01,7.800054726803068661e+00
-3.718933207767359050e+01,-3.067521741520586875e+00
-1.969251456035449976e+01,1.351684571792421963e+00
-3.250698099511150474e+01,-1.713275126408421389e+00
-1.962075035855343330e+01,1.641327483478610905e+00
-2.004757435742280691e+01,1.605702373878574507e+00
-3.311069153946908727e+01,-5.174591668292745972e+00
-2.445465769313092963e+01,-1.593177113958993418e+00
-2.585015436016860946e+01,2.525666909927809733e+00
-2.815154828066978965e+01,1.579397584354079731e+00
-3.325513488111968030e+01,-1.760740616269498959e+00
-2.676013383570314730e+01,2.727352318283893240e+00
-2.671744964976452508e+01,3.778368096838175649e+00
-2.812425493594917825e+01,1.614700409827151795e+00
